camera_matrix:
- - 456.4461906456924
  - 0.0
  - 335.29610209118243
- - 0.0
  - 457.61602876189625
  - 226.38327795629692
- - 0.0
  - 0.0
  - 1.0
dist_coeff:
- - -0.0594246060000528
  - 1.9518122894518348
  - -0.0008302249398163506
  - 0.003528936904503926
  - -8.556743762347933
