camera_matrix:
- - 173.83090694009866
  - 0.0
  - 322.3809132693632
- - 0.0
  - 165.31582796034613
  - 192.17552818658478
- - 0.0
  - 0.0
  - 1.0
dist_coeff:
- - 0.01808657173514948
  - -0.003947810059785428
  - -0.0007304657849173433
  - 0.0015099652076660066
  - 0.0014604661840002934
