camera_matrix:
- - 739.4841105499454
  - 0.0
  - 340.7361621385437
- - 0.0
  - 734.3260003025416
  - 275.9705433691989
- - 0.0
  - 0.0
  - 1.0
dist_coeff:
- - -5.112108379778626
  - 150.58376555062713
  - 0.09520166190753605
  - -0.09029512505868705
  - -1071.1934280424537
